Genetic Algorithm Results
==================================================

Berlin11 Results:
Best Distance: 4051.88
Best Tour: 6 -> 5 -> 1 -> 7 -> 2 -> 3 -> 8 -> 9 -> 10 -> 11 -> 4
Distance History: 4543.09, 4539.22, 4131.75, 4131.75, 4131.75, 4131.75, 4131.75, 4131.75, 4131.75, 4131.75, 4131.75, 4131.75, 4131.75, 4118.31, 4131.75, 4131.75, 4684.91, 4552.95, 4552.95, 4552.95, 4552.95, 4326.60, 4310.29, 4539.22, 4299.54, 4539.22, 4539.22, 4552.95, 4310.29, 4310.29, 4310.29, 4627.05, 4994.11, 4719.40, 4552.95, 4051.88, 4051.88, 4051.88, 4263.71, 4218.00, 4250.27, 4755.96, 4888.51, 4649.39, 4649.39, 4667.10, 4667.10, 4833.66, 4667.10, 4489.45, 4277.02

Berlin52 Results:
Best Distance: 8141.53
Best Tour: 4 -> 25 -> 12 -> 28 -> 27 -> 26 -> 47 -> 13 -> 14 -> 52 -> 11 -> 51 -> 33 -> 43 -> 10 -> 9 -> 8 -> 41 -> 19 -> 45 -> 32 -> 31 -> 18 -> 3 -> 17 -> 21 -> 23 -> 20 -> 50 -> 16 -> 29 -> 30 -> 42 -> 7 -> 2 -> 22 -> 1 -> 49 -> 40 -> 38 -> 37 -> 39 -> 36 -> 35 -> 34 -> 44 -> 46 -> 48 -> 24 -> 5 -> 15 -> 6
Distance History: 8182.19, 8182.19, 8176.82, 8176.82, 8205.22, 8205.22, 8205.22, 8205.22, 8205.22, 8173.80, 8173.80, 8173.80, 8173.80, 8173.80, 8173.80, 8173.80, 8173.80, 8173.80, 8173.80, 8173.80, 8173.80, 8173.80, 8173.80, 8173.80, 8173.80, 8173.80, 8173.80, 8173.80, 8173.80, 8173.80, 8173.80, 8173.80, 8173.80, 8173.80, 8173.80, 8173.80, 8173.80, 8173.80, 8173.80, 8173.80, 8173.80, 8173.80, 8141.53, 8141.53, 8141.53, 8141.53, 8141.53, 8141.53, 8141.53, 8141.53, 8141.53, 8141.53, 8141.53, 8141.53, 8141.53, 8141.53, 8141.53, 8141.53, 8141.53, 8141.53, 8141.53, 8141.53, 8141.53, 8141.53, 8141.53, 8141.53, 8141.53, 8141.53, 8141.53, 8141.53, 8141.53, 8141.53, 8141.53, 8141.53, 8141.53, 8141.53, 8141.53, 8141.53, 8141.53, 8141.53, 8141.53, 8141.53, 8141.53, 8141.53, 8141.53, 8141.53, 8141.53, 8141.53, 8141.53, 8141.53, 8141.53, 8141.53, 8141.53, 8141.53, 8141.53, 8141.53, 8141.53, 8141.53, 8141.53, 8141.53, 8141.53
